
ff: parsing domain file
domain 'ATC' defined
 ... done.
ff: parsing problem file
problem 'ATC-PROBLEM' defined
 ... done.


translating negated cond for predicate PLANELANDED
warning: numeric precondition. turning cost-minimizing relaxed plans OFF.

ff: search configuration is Enforced Hill-Climbing, then A*epsilon with weight 5.
Metric is ((1.00*[RF1](TIME)) - () + 0.00)
COST MINIMIZATION DONE (WITHOUT cost-minimizing relaxed plans).

Cueing down from goal distance:  660 into depth [1][2]
                                 659            [1]
                                 658            [1]
                                 657            [1]
                                 656            [1]
                                 655            [1][2]
                                 654            [1]
                                 653            [1]
                                 652            [1]
                                 651            [1]
                                 650            [1][2]
                                 649            [1]
                                 648            [1]
                                 647            [1]
                                 646            [1]
                                 645            [1][2]
                                 644            [1]
                                 643            [1]
                                 642            [1]
                                 641            [1]
                                 640            [1][2]
                                 639            [1]
                                 638            [1]
                                 637            [1]
                                 636            [1]
                                 635            [1][2]
                                 634            [1]
                                 633            [1]
                                 632            [1]
                                 631            [1]
                                 630            [1][2]
                                 629            [1]
                                 628            [1]
                                 627            [1]
                                 626            [1]
                                 625            [1][2]
                                 624            [1]
                                 623            [1]
                                 622            [1]
                                 621            [1]
                                 620            [1][2]
                                 619            [1]
                                 618            [1]
                                 617            [1]
                                 616            [1]
                                 615            [1][2]
                                 614            [1]
                                 613            [1]
                                 612            [1]
                                 611            [1]
                                 610            [1][2]
                                 609            [1]
                                 608            [1]
                                 607            [1]
                                 606            [1]
                                 605            [1][2]
                                 604            [1]
                                 603            [1]
                                 602            [1]
                                 601            [1]
                                 600            [1][2]
                                 599            [1]
                                 598            [1]
                                 597            [1]
                                 596            [1]
                                 595            [1][2]
                                 594            [1]
                                 593            [1]
                                 592            [1]
                                 591            [1]
                                 590            [1][2]
                                 589            [1]
                                 588            [1]
                                 587            [1]
                                 586            [1]
                                 585            [1][2]
                                 584            [1]
                                 583            [1]
                                 582            [1]
                                 581            [1]
                                 580            [1][2]
                                 579            [1]
                                 578            [1]
                                 577            [1]
                                 576            [1]
                                 575            [1][2]
                                 574            [1]
                                 573            [1]
                                 572            [1]
                                 571            [1]
                                 570            [1][2]
                                 569            [1]
                                 568            [1]
                                 567            [1]
                                 566            [1]
                                 565            [1][2]
                                 564            [1]
                                 563            [1]
                                 562            [1]
                                 561            [1]
                                 560            [1][2]
                                 559            [1]
                                 558            [1]
                                 557            [1]
                                 556            [1]
                                 555            [1][2]
                                 554            [1]
                                 553            [1]
                                 552            [1]
                                 551            [1]
                                 550            [1][2]
                                 549            [1]
                                 548            [1]
                                 547            [1]
                                 546            [1]
                                 545            [1][2]
                                 544            [1]
                                 543            [1]
                                 542            [1]
                                 541            [1]
                                 540            [1][2]
                                 539            [1]
                                 538            [1]
                                 537            [1]
                                 536            [1]
                                 535            [1][2]
                                 534            [1]
                                 533            [1]
                                 532            [1]
                                 531            [1]
                                 530            [1][2]
                                 529            [1]
                                 528            [1]
                                 527            [1]
                                 526            [1]
                                 525            [1][2]
                                 524            [1]
                                 523            [1]
                                 522            [1]
                                 521            [1]
                                 520            [1][2]
                                 519            [1]
                                 518            [1]
                                 517            [1]
                                 516            [1]
                                 515            [1][2]
                                 514            [1]
                                 513            [1]
                                 512            [1]
                                 511            [1]
                                 510            [1][2]
                                 509            [1]
                                 508            [1]
                                 507            [1]
                                 506            [1]
                                 505            [1][2]
                                 504            [1]
                                 503            [1]
                                 502            [1]
                                 501            [1]
                                 500            [1][2]
                                 499            [1]
                                 498            [1]
                                 497            [1]
                                 496            [1]
                                 495            [1][2]
                                 494            [1]
                                 493            [1]
                                 492            [1]
                                 491            [1]
                                 490            [1][2]
                                 489            [1]
                                 488            [1]
                                 487            [1]
                                 486            [1]
                                 485            [1][2]
                                 484            [1]
                                 483            [1]
                                 482            [1]
                                 481            [1]
                                 480            [1][2]
                                 479            [1]
                                 478            [1]
                                 477            [1]
                                 476            [1]
                                 475            [1][2]
                                 474            [1]
                                 473            [1]
                                 472            [1]
                                 471            [1]
                                 470            [1][2]
                                 469            [1]
                                 468            [1]
                                 467            [1]
                                 466            [1]
                                 465            [1][2]
                                 464            [1]
                                 463            [1]
                                 462            [1]
                                 461            [1]
                                 460            [1][2]
                                 459            [1]
                                 458            [1]
                                 457            [1]
                                 456            [1]
                                 455            [1][2]
                                 454            [1]
                                 453            [1]
                                 452            [1]
                                 451            [1]
                                 450            [1][2]
                                 449            [1]
                                 448            [1]
                                 447            [1]
                                 446            [1]
                                 445            [1][2]
                                 444            [1]
                                 443            [1]
                                 442            [1]
                                 441            [1]
                                 440            [1][2]
                                 439            [1]
                                 438            [1]
                                 437            [1]
                                 436            [1]
                                 435            [1][2]
                                 434            [1]
                                 433            [1]
                                 432            [1]
                                 431            [1]
                                 430            [1][2]
                                 429            [1]
                                 428            [1]
                                 427            [1]
                                 426            [1]
                                 425            [1][2]
                                 424            [1]
                                 423            [1]
                                 422            [1]
                                 421            [1]
                                 420            [1][2]
                                 419            [1]
                                 418            [1]
                                 417            [1]
                                 416            [1]
                                 415            [1][2]
                                 414            [1]
                                 413            [1]
                                 412            [1]
                                 411            [1]
                                 410            [1][2]
                                 409            [1]
                                 408            [1]
                                 407            [1]
                                 406            [1]
                                 405            [1][2]
                                 404            [1]
                                 403            [1]
                                 402            [1]
                                 401            [1]
                                 400            [1][2]
                                 399            [1]
                                 398            [1]
                                 397            [1]
                                 396            [1]
                                 395            [1][2]
                                 394            [1]
                                 393            [1]
                                 392            [1]
                                 391            [1]
                                 390            [1][2]
                                 389            [1]
                                 388            [1]
                                 387            [1]
                                 386            [1]
                                 385            [1][2]
                                 384            [1]
                                 383            [1]
                                 382            [1]
                                 381            [1]
                                 380            [1][2]
                                 379            [1]
                                 378            [1]
                                 377            [1]
                                 376            [1]
                                 375            [1][2]
                                 374            [1]
                                 373            [1]
                                 372            [1]
                                 371            [1]
                                 370            [1][2]
                                 369            [1]
                                 368            [1]
                                 367            [1]
                                 366            [1]
                                 365            [1][2]
                                 364            [1]
                                 363            [1]
                                 362            [1]
                                 361            [1]
                                 360            [1][2]
                                 359            [1]
                                 358            [1]
                                 357            [1]
                                 356            [1]
                                 355            [1][2]
                                 354            [1]
                                 353            [1]
                                 352            [1]
                                 351            [1]
                                 350            [1][2]
                                 349            [1]
                                 348            [1]
                                 347            [1]
                                 346            [1]
                                 345            [1][2]
                                 344            [1]
                                 343            [1]
                                 342            [1]
                                 341            [1]
                                 340            [1][2]
                                 339            [1]
                                 338            [1]
                                 337            [1]
                                 336            [1]
                                 335            [1][2]
                                 334            [1]
                                 333            [1]
                                 332            [1]
                                 331            [1]
                                 330            [1][2]
                                 329            [1]
                                 328            [1]
                                 327            [1]
                                 326            [1]
                                 325            [1][2]
                                 324            [1]
                                 323            [1]
                                 322            [1]
                                 321            [1]
                                 320            [1][2]
                                 319            [1]
                                 318            [1]
                                 317            [1]
                                 316            [1]
                                 315            [1][2]
                                 314            [1]
                                 313            [1]
                                 312            [1]
                                 311            [1]
                                 310            [1][2]
                                 309            [1]
                                 308            [1]
                                 307            [1]
                                 306            [1]
                                 305            [1][2]
                                 304            [1]
                                 303            [1]
                                 302            [1]
                                 301            [1]
                                 300            [1][2]
                                 299            [1]
                                 298            [1]
                                 297            [1]
                                 296            [1]
                                 295            [1][2]
                                 294            [1]
                                 293            [1]
                                 292            [1]
                                 291            [1]
                                 290            [1][2]
                                 289            [1]
                                 288            [1]
                                 287            [1]
                                 286            [1]
                                 285            [1][2]
                                 284            [1]
                                 283            [1]
                                 282            [1]
                                 281            [1]
                                 280            [1][2]
                                 279            [1]
                                 278            [1]
                                 277            [1]
                                 276            [1]
                                 275            [1][2]
                                 274            [1]
                                 273            [1]
                                 272            [1]
                                 271            [1]
                                 270            [1][2]
                                 269            [1]
                                 268            [1]
                                 267            [1]
                                 266            [1]
                                 265            [1][2]
                                 264            [1]
                                 263            [1]
                                 262            [1]
                                 261            [1]
                                 260            [1][2]
                                 259            [1]
                                 258            [1]
                                 257            [1]
                                 256            [1]
                                 255            [1][2]
                                 254            [1]
                                 253            [1]
                                 252            [1]
                                 251            [1]
                                 250            [1][2]
                                 249            [1]
                                 248            [1]
                                 247            [1]
                                 246            [1]
                                 245            [1][2]
                                 244            [1]
                                 243            [1]
                                 242            [1]
                                 241            [1]
                                 240            [1][2]
                                 239            [1]
                                 238            [1]
                                 237            [1]
                                 236            [1][2]
                                 235            [1][2]
                                 234            [1]
                                 232            [1]
                                 231            [1][2][3]
                                 230            [1][2]
                                 228            [1]
                                 227            [1][2][3]
                                 226            [1][2]
                                 224            [1]
                                 223            [1][2][3]
                                 222            [1][2]
                                 220            [1]
                                 219            [1][2][3]
                                 218            [1][2]
                                 216            [1]
                                 215            [1][2][3]
                                 214            [1][2]
                                 212            [1]
                                 211            [1][2][3]
                                 210            [1][2]
                                 208            [1]
                                 207            [1][2][3]
                                 206            [1][2]
                                 204            [1]
                                 203            [1][2][3]
                                 202            [1][2]
                                 200            [1]
                                 199            [1][2][3]
                                 198            [1][2]
                                 196            [1]
                                 195            [1][2][3]
                                 194            [1][2]
                                 193            [1]
                                 191            [1]
                                 190            [1][2][3][4]
                                 189            [1]
                                 188            [1]
                                 187            [1][2][3][4]
                                 186            [1]
                                 185            [1]
                                 184            [1][2][3][4]
                                 183            [1]
                                 182            [1]
                                 181            [1][2][3][4]
                                 180            [1]
                                 179            [1]
                                 178            [1][2][3][4]
                                 177            [1]
                                 176            [1]
                                 175            [1][2][3][4]
                                 174            [1]
                                 173            [1]
                                 172            [1][2][3][4]
                                 171            [1]
                                 170            [1]
                                 169            [1][2][3][4]
                                 168            [1]
                                 167            [1]
                                 166            [1][2][3][4]
                                 165            [1]
                                 164            [1]
                                 163            [1][2][3][4]
                                 162            [1]
                                 161            [1]
                                 160            [1][2][3][4]
                                 159            [1]
                                 158            [1]
                                 157            [1][2][3][4]
                                 156            [1]
                                 155            [1]
                                 154            [1][2][3][4]
                                 153            [1]
                                 152            [1]
                                 151            [1][2][3][4]
                                 150            [1]
                                 149            [1]
                                 148            [1][2][3][4]
                                 147            [1]
                                 146            [1]
                                 145            [1][2][3][4]
                                 144            [1]
                                 143            [1]
                                 142            [1][2][3][4]
                                 141            [1]
                                 140            [1]
                                 139            [1][2][3][4]
                                 138            [1]
                                 137            [1]
                                 136            [1][2][3][4]
                                 135            [1]
                                 134            [1]
                                 133            [1][2][3][4]
                                 132            [1]
                                 131            [1]
                                 130            [1][2][3][4]
                                 129            [1]
                                 128            [1]
                                 127            [1][2][3][4]
                                 126            [1]
                                 125            [1]
                                 124            [1][2][3][4]
                                 123            [1]
                                 122            [1]
                                 121            [1][2][3][4]
                                 120            [1]
                                 119            [1]
                                 118            [1][2][3][4]
                                 117            [1]
                                 116            [1]
                                 115            [1][2][3][4]
                                 114            [1]
                                 113            [1]
                                 112            [1][2][3][4]
                                 111            [1]
                                 110            [1]
                                 109            [1][2][3][4]
                                 108            [1]
                                 107            [1]
                                 106            [1][2][3][4]
                                 105            [1]
                                 104            [1][2][3]
                                 103            [1][2]
                                 102            [1]
                                 101            [1][2][3][4][5]
                                 100            [1]
                                  99            [1][2][3][4][5]
                                  98            [1]
                                  97            [1][2][3][4][5]
                                  96            [1]
                                  95            [1][2][3][4][5]
                                  94            [1]
                                  93            [1][2][3][4][5]
                                  92            [1]
                                  91            [1][2][3][4][5]
                                  90            [1]
                                  89            [1][2][3][4][5]
                                  88            [1]
                                  87            [1][2][3][4][5]
                                  86            [1]
                                  85            [1][2][3][4][5]
                                  84            [1]
                                  83            [1][2][3][4][5]
                                  82            [1]
                                  81            [1][2][3][4][5]
                                  80            [1]
                                  79            [1][2][3][4][5]
                                  78            [1]
                                  77            [1][2][3][4][5]
                                  76            [1]
                                  75            [1][2][3][4][5]
                                  74            [1]
                                  73            [1][2][3][4][5]
                                  72            [1]
                                  71            [1][2][3][4][5]
                                  70            [1]
                                  69            [1][2][3][4][5]
                                  68            [1]
                                  67            [1][2][3][4][5]
                                  66            [1]
                                  65            [1][2][3][4][5]
                                  64            [1]
                                  63            [1][2][3][4][5]
                                  62            [1]
                                  61            [1][2][3][4][5]
                                  60            [1]
                                  59            [1][2][3][4][5]
                                  58            [1]
                                  57            [1][2][3][4][5]
                                  56            [1]
                                  55            [1][2][3][4][5]
                                  54            [1]
                                  53            [1][2][3][4][5]
                                  52            [1]
                                  51            [1][2][3][4][5]
                                  50            [1]
                                  49            [1][2][3][4][5]
                                  48            [1]
                                  47            [1][2][3][4][5]
                                  46            [1]
                                  45            [1][2][3][4][5]
                                  44            [1]
                                  43            [1][2][3][4][5]
                                  42            [1]
                                  41            [1][2][3][4][5]
                                  40            [1]
                                  39            [1][2][3][4][5]
                                  38            [1]
                                  37            [1][2][3][4][5]
                                  36            [1]
                                  35            [1][2][3][4][5]
                                  34            [1]
                                  33            [1][2][3][4][5]
                                  32            [1]
                                  31            [1][2][3][4][5]
                                  30            [1]
                                  29            [1][2][3][4][5]
                                  28            [1]
                                  27            [1][2][3][4][5]
                                  26            [1]
                                  25            [1][2][3][4][5]
                                  24            [1]
                                  23            [1][2][3][4][5]
                                  22            [1]
                                  21            [1]
                                  20            [1][2][3][4][5][6]
                                  19            [1][2][3][4][5][6]
                                  18            [1][2][3][4][5][6]
                                  17            [1][2][3][4][5][6]
                                  16            [1][2][3][4][5][6]
                                  15            [1][2][3][4][5][6]
                                  14            [1][2][3][4][5][6]
                                  13            [1][2][3][4][5][6]
                                  12            [1][2][3][4][5][6]
                                  11            [1][2][3][4][5][6]
                                  10            [1][2][3][4][5][6]
                                   9            [1][2][3][4][5][6]
                                   8            [1][2][3][4][5][6]
                                   7            [1][2][3][4][5][6]
                                   6            [1][2][3][4][5][6]
                                   5            [1][2][3][4][5][6]
                                   4            [1][2][3][4][5][6]
                                   3            [1][2][3][4][5][6]
                                   2            [1][2][3][4][5][6]
                                   1            [1]
                                   0            

ff: found legal plan as follows
step    0: DOWN-TRAVEL BOEING787
        1: DOWN-TRAVEL AIRBUSA330
        2: DOWN-TRAVEL BOEING777
        3: DOWN-TRAVEL AIRBUSA320
        4: DOWN-TRAVEL BOEING737
        5: RESET-COUNTER BOEING737
        6: DOWN-TRAVEL BOEING787
        7: DOWN-TRAVEL AIRBUSA330
        8: DOWN-TRAVEL BOEING777
        9: DOWN-TRAVEL AIRBUSA320
       10: DOWN-TRAVEL BOEING737
       11: RESET-COUNTER BOEING737
       12: DOWN-TRAVEL BOEING787
       13: DOWN-TRAVEL AIRBUSA330
       14: DOWN-TRAVEL BOEING777
       15: DOWN-TRAVEL AIRBUSA320
       16: DOWN-TRAVEL BOEING737
       17: RESET-COUNTER BOEING737
       18: DOWN-TRAVEL BOEING787
       19: DOWN-TRAVEL AIRBUSA330
       20: DOWN-TRAVEL BOEING777
       21: DOWN-TRAVEL AIRBUSA320
       22: DOWN-TRAVEL BOEING737
       23: RESET-COUNTER BOEING737
       24: DOWN-TRAVEL BOEING787
       25: DOWN-TRAVEL AIRBUSA330
       26: DOWN-TRAVEL BOEING777
       27: DOWN-TRAVEL AIRBUSA320
       28: DOWN-TRAVEL BOEING737
       29: RESET-COUNTER BOEING737
       30: DOWN-TRAVEL BOEING787
       31: DOWN-TRAVEL AIRBUSA330
       32: DOWN-TRAVEL BOEING777
       33: DOWN-TRAVEL AIRBUSA320
       34: DOWN-TRAVEL BOEING737
       35: RESET-COUNTER BOEING737
       36: DOWN-TRAVEL BOEING787
       37: DOWN-TRAVEL AIRBUSA330
       38: DOWN-TRAVEL BOEING777
       39: DOWN-TRAVEL AIRBUSA320
       40: DOWN-TRAVEL BOEING737
       41: RESET-COUNTER BOEING737
       42: DOWN-TRAVEL BOEING787
       43: DOWN-TRAVEL AIRBUSA330
       44: DOWN-TRAVEL BOEING777
       45: DOWN-TRAVEL AIRBUSA320
       46: DOWN-TRAVEL BOEING737
       47: RESET-COUNTER BOEING737
       48: DOWN-TRAVEL BOEING787
       49: DOWN-TRAVEL AIRBUSA330
       50: DOWN-TRAVEL BOEING777
       51: DOWN-TRAVEL AIRBUSA320
       52: DOWN-TRAVEL BOEING737
       53: RESET-COUNTER BOEING737
       54: DOWN-TRAVEL BOEING787
       55: DOWN-TRAVEL AIRBUSA330
       56: DOWN-TRAVEL BOEING777
       57: DOWN-TRAVEL AIRBUSA320
       58: DOWN-TRAVEL BOEING737
       59: RESET-COUNTER BOEING737
       60: DOWN-TRAVEL BOEING787
       61: DOWN-TRAVEL AIRBUSA330
       62: DOWN-TRAVEL BOEING777
       63: DOWN-TRAVEL AIRBUSA320
       64: DOWN-TRAVEL BOEING737
       65: RESET-COUNTER BOEING737
       66: DOWN-TRAVEL BOEING787
       67: DOWN-TRAVEL AIRBUSA330
       68: DOWN-TRAVEL BOEING777
       69: DOWN-TRAVEL AIRBUSA320
       70: DOWN-TRAVEL BOEING737
       71: RESET-COUNTER BOEING737
       72: DOWN-TRAVEL BOEING787
       73: DOWN-TRAVEL AIRBUSA330
       74: DOWN-TRAVEL BOEING777
       75: DOWN-TRAVEL AIRBUSA320
       76: DOWN-TRAVEL BOEING737
       77: RESET-COUNTER BOEING737
       78: DOWN-TRAVEL BOEING787
       79: DOWN-TRAVEL AIRBUSA330
       80: DOWN-TRAVEL BOEING777
       81: DOWN-TRAVEL AIRBUSA320
       82: DOWN-TRAVEL BOEING737
       83: RESET-COUNTER BOEING737
       84: DOWN-TRAVEL BOEING787
       85: DOWN-TRAVEL AIRBUSA330
       86: DOWN-TRAVEL BOEING777
       87: DOWN-TRAVEL AIRBUSA320
       88: DOWN-TRAVEL BOEING737
       89: RESET-COUNTER BOEING737
       90: DOWN-TRAVEL BOEING787
       91: DOWN-TRAVEL AIRBUSA330
       92: DOWN-TRAVEL BOEING777
       93: DOWN-TRAVEL AIRBUSA320
       94: DOWN-TRAVEL BOEING737
       95: RESET-COUNTER BOEING737
       96: DOWN-TRAVEL BOEING787
       97: DOWN-TRAVEL AIRBUSA330
       98: DOWN-TRAVEL BOEING777
       99: DOWN-TRAVEL AIRBUSA320
      100: DOWN-TRAVEL BOEING737
      101: RESET-COUNTER BOEING737
      102: DOWN-TRAVEL BOEING787
      103: DOWN-TRAVEL AIRBUSA330
      104: DOWN-TRAVEL BOEING777
      105: DOWN-TRAVEL AIRBUSA320
      106: DOWN-TRAVEL BOEING737
      107: RESET-COUNTER BOEING737
      108: DOWN-TRAVEL BOEING787
      109: DOWN-TRAVEL AIRBUSA330
      110: DOWN-TRAVEL BOEING777
      111: DOWN-TRAVEL AIRBUSA320
      112: DOWN-TRAVEL BOEING737
      113: RESET-COUNTER BOEING737
      114: DOWN-TRAVEL BOEING787
      115: DOWN-TRAVEL AIRBUSA330
      116: DOWN-TRAVEL BOEING777
      117: DOWN-TRAVEL AIRBUSA320
      118: DOWN-TRAVEL BOEING737
      119: RESET-COUNTER BOEING737
      120: DOWN-TRAVEL BOEING787
      121: DOWN-TRAVEL AIRBUSA330
      122: DOWN-TRAVEL BOEING777
      123: DOWN-TRAVEL AIRBUSA320
      124: DOWN-TRAVEL BOEING737
      125: RESET-COUNTER BOEING737
      126: DOWN-TRAVEL BOEING787
      127: DOWN-TRAVEL AIRBUSA330
      128: DOWN-TRAVEL BOEING777
      129: DOWN-TRAVEL AIRBUSA320
      130: DOWN-TRAVEL BOEING737
      131: RESET-COUNTER BOEING737
      132: DOWN-TRAVEL BOEING787
      133: DOWN-TRAVEL AIRBUSA330
      134: DOWN-TRAVEL BOEING777
      135: DOWN-TRAVEL AIRBUSA320
      136: DOWN-TRAVEL BOEING737
      137: RESET-COUNTER BOEING737
      138: DOWN-TRAVEL BOEING787
      139: DOWN-TRAVEL AIRBUSA330
      140: DOWN-TRAVEL BOEING777
      141: DOWN-TRAVEL AIRBUSA320
      142: DOWN-TRAVEL BOEING737
      143: RESET-COUNTER BOEING737
      144: DOWN-TRAVEL BOEING787
      145: DOWN-TRAVEL AIRBUSA330
      146: DOWN-TRAVEL BOEING777
      147: DOWN-TRAVEL AIRBUSA320
      148: DOWN-TRAVEL BOEING737
      149: RESET-COUNTER BOEING737
      150: DOWN-TRAVEL BOEING787
      151: DOWN-TRAVEL AIRBUSA330
      152: DOWN-TRAVEL BOEING777
      153: DOWN-TRAVEL AIRBUSA320
      154: DOWN-TRAVEL BOEING737
      155: RESET-COUNTER BOEING737
      156: DOWN-TRAVEL BOEING787
      157: DOWN-TRAVEL AIRBUSA330
      158: DOWN-TRAVEL BOEING777
      159: DOWN-TRAVEL AIRBUSA320
      160: DOWN-TRAVEL BOEING737
      161: RESET-COUNTER BOEING737
      162: DOWN-TRAVEL BOEING787
      163: DOWN-TRAVEL AIRBUSA330
      164: DOWN-TRAVEL BOEING777
      165: DOWN-TRAVEL AIRBUSA320
      166: DOWN-TRAVEL BOEING737
      167: RESET-COUNTER BOEING737
      168: DOWN-TRAVEL BOEING787
      169: DOWN-TRAVEL AIRBUSA330
      170: DOWN-TRAVEL BOEING777
      171: DOWN-TRAVEL AIRBUSA320
      172: DOWN-TRAVEL BOEING737
      173: RESET-COUNTER BOEING737
      174: DOWN-TRAVEL BOEING787
      175: DOWN-TRAVEL AIRBUSA330
      176: DOWN-TRAVEL BOEING777
      177: DOWN-TRAVEL AIRBUSA320
      178: DOWN-TRAVEL BOEING737
      179: RESET-COUNTER BOEING737
      180: DOWN-TRAVEL BOEING787
      181: DOWN-TRAVEL AIRBUSA330
      182: DOWN-TRAVEL BOEING777
      183: DOWN-TRAVEL AIRBUSA320
      184: DOWN-TRAVEL BOEING737
      185: RESET-COUNTER BOEING737
      186: DOWN-TRAVEL BOEING787
      187: DOWN-TRAVEL AIRBUSA330
      188: DOWN-TRAVEL BOEING777
      189: DOWN-TRAVEL AIRBUSA320
      190: DOWN-TRAVEL BOEING737
      191: RESET-COUNTER BOEING737
      192: DOWN-TRAVEL BOEING787
      193: DOWN-TRAVEL AIRBUSA330
      194: DOWN-TRAVEL BOEING777
      195: DOWN-TRAVEL AIRBUSA320
      196: DOWN-TRAVEL BOEING737
      197: RESET-COUNTER BOEING737
      198: DOWN-TRAVEL BOEING787
      199: DOWN-TRAVEL AIRBUSA330
      200: DOWN-TRAVEL BOEING777
      201: DOWN-TRAVEL AIRBUSA320
      202: DOWN-TRAVEL BOEING737
      203: RESET-COUNTER BOEING737
      204: DOWN-TRAVEL BOEING787
      205: DOWN-TRAVEL AIRBUSA330
      206: DOWN-TRAVEL BOEING777
      207: DOWN-TRAVEL AIRBUSA320
      208: DOWN-TRAVEL BOEING737
      209: RESET-COUNTER BOEING737
      210: DOWN-TRAVEL BOEING787
      211: DOWN-TRAVEL AIRBUSA330
      212: DOWN-TRAVEL BOEING777
      213: DOWN-TRAVEL AIRBUSA320
      214: DOWN-TRAVEL BOEING737
      215: RESET-COUNTER BOEING737
      216: DOWN-TRAVEL BOEING787
      217: DOWN-TRAVEL AIRBUSA330
      218: DOWN-TRAVEL BOEING777
      219: DOWN-TRAVEL AIRBUSA320
      220: DOWN-TRAVEL BOEING737
      221: RESET-COUNTER BOEING737
      222: DOWN-TRAVEL BOEING787
      223: DOWN-TRAVEL AIRBUSA330
      224: DOWN-TRAVEL BOEING777
      225: DOWN-TRAVEL AIRBUSA320
      226: DOWN-TRAVEL BOEING737
      227: RESET-COUNTER BOEING737
      228: DOWN-TRAVEL BOEING787
      229: DOWN-TRAVEL AIRBUSA330
      230: DOWN-TRAVEL BOEING777
      231: DOWN-TRAVEL AIRBUSA320
      232: DOWN-TRAVEL BOEING737
      233: RESET-COUNTER BOEING737
      234: DOWN-TRAVEL BOEING787
      235: DOWN-TRAVEL AIRBUSA330
      236: DOWN-TRAVEL BOEING777
      237: DOWN-TRAVEL AIRBUSA320
      238: DOWN-TRAVEL BOEING737
      239: RESET-COUNTER BOEING737
      240: DOWN-TRAVEL BOEING787
      241: DOWN-TRAVEL AIRBUSA330
      242: DOWN-TRAVEL BOEING777
      243: DOWN-TRAVEL AIRBUSA320
      244: DOWN-TRAVEL BOEING737
      245: RESET-COUNTER BOEING737
      246: DOWN-TRAVEL BOEING787
      247: DOWN-TRAVEL AIRBUSA330
      248: DOWN-TRAVEL BOEING777
      249: DOWN-TRAVEL AIRBUSA320
      250: DOWN-TRAVEL BOEING737
      251: RESET-COUNTER BOEING737
      252: DOWN-TRAVEL BOEING787
      253: DOWN-TRAVEL AIRBUSA330
      254: DOWN-TRAVEL BOEING777
      255: DOWN-TRAVEL AIRBUSA320
      256: DOWN-TRAVEL BOEING737
      257: RESET-COUNTER BOEING737
      258: DOWN-TRAVEL BOEING787
      259: DOWN-TRAVEL AIRBUSA330
      260: DOWN-TRAVEL BOEING777
      261: DOWN-TRAVEL AIRBUSA320
      262: DOWN-TRAVEL BOEING737
      263: RESET-COUNTER BOEING737
      264: DOWN-TRAVEL BOEING787
      265: DOWN-TRAVEL AIRBUSA330
      266: DOWN-TRAVEL BOEING777
      267: DOWN-TRAVEL AIRBUSA320
      268: DOWN-TRAVEL BOEING737
      269: RESET-COUNTER BOEING737
      270: DOWN-TRAVEL BOEING787
      271: DOWN-TRAVEL AIRBUSA330
      272: DOWN-TRAVEL BOEING777
      273: DOWN-TRAVEL AIRBUSA320
      274: DOWN-TRAVEL BOEING737
      275: RESET-COUNTER BOEING737
      276: DOWN-TRAVEL BOEING787
      277: DOWN-TRAVEL AIRBUSA330
      278: DOWN-TRAVEL BOEING777
      279: DOWN-TRAVEL AIRBUSA320
      280: DOWN-TRAVEL BOEING737
      281: RESET-COUNTER BOEING737
      282: DOWN-TRAVEL BOEING787
      283: DOWN-TRAVEL AIRBUSA330
      284: DOWN-TRAVEL BOEING777
      285: DOWN-TRAVEL AIRBUSA320
      286: DOWN-TRAVEL BOEING737
      287: RESET-COUNTER BOEING737
      288: DOWN-TRAVEL BOEING787
      289: DOWN-TRAVEL AIRBUSA330
      290: DOWN-TRAVEL BOEING777
      291: DOWN-TRAVEL AIRBUSA320
      292: DOWN-TRAVEL BOEING737
      293: RESET-COUNTER BOEING737
      294: DOWN-TRAVEL BOEING787
      295: DOWN-TRAVEL AIRBUSA330
      296: DOWN-TRAVEL BOEING777
      297: DOWN-TRAVEL AIRBUSA320
      298: DOWN-TRAVEL BOEING737
      299: RESET-COUNTER BOEING737
      300: DOWN-TRAVEL BOEING787
      301: DOWN-TRAVEL AIRBUSA330
      302: DOWN-TRAVEL BOEING777
      303: DOWN-TRAVEL AIRBUSA320
      304: DOWN-TRAVEL BOEING737
      305: RESET-COUNTER BOEING737
      306: DOWN-TRAVEL BOEING787
      307: DOWN-TRAVEL AIRBUSA330
      308: DOWN-TRAVEL BOEING777
      309: DOWN-TRAVEL AIRBUSA320
      310: DOWN-TRAVEL BOEING737
      311: RESET-COUNTER BOEING737
      312: DOWN-TRAVEL BOEING787
      313: DOWN-TRAVEL AIRBUSA330
      314: DOWN-TRAVEL BOEING777
      315: DOWN-TRAVEL AIRBUSA320
      316: DOWN-TRAVEL BOEING737
      317: RESET-COUNTER BOEING737
      318: DOWN-TRAVEL BOEING787
      319: DOWN-TRAVEL AIRBUSA330
      320: DOWN-TRAVEL BOEING777
      321: DOWN-TRAVEL AIRBUSA320
      322: DOWN-TRAVEL BOEING737
      323: RESET-COUNTER BOEING737
      324: DOWN-TRAVEL BOEING787
      325: DOWN-TRAVEL AIRBUSA330
      326: DOWN-TRAVEL BOEING777
      327: DOWN-TRAVEL AIRBUSA320
      328: DOWN-TRAVEL BOEING737
      329: RESET-COUNTER BOEING737
      330: DOWN-TRAVEL BOEING787
      331: DOWN-TRAVEL AIRBUSA330
      332: DOWN-TRAVEL BOEING777
      333: DOWN-TRAVEL AIRBUSA320
      334: DOWN-TRAVEL BOEING737
      335: RESET-COUNTER BOEING737
      336: DOWN-TRAVEL BOEING787
      337: DOWN-TRAVEL AIRBUSA330
      338: DOWN-TRAVEL BOEING777
      339: DOWN-TRAVEL AIRBUSA320
      340: DOWN-TRAVEL BOEING737
      341: RESET-COUNTER BOEING737
      342: DOWN-TRAVEL BOEING787
      343: DOWN-TRAVEL AIRBUSA330
      344: DOWN-TRAVEL BOEING777
      345: DOWN-TRAVEL AIRBUSA320
      346: DOWN-TRAVEL BOEING737
      347: RESET-COUNTER BOEING737
      348: DOWN-TRAVEL BOEING787
      349: DOWN-TRAVEL AIRBUSA330
      350: DOWN-TRAVEL BOEING777
      351: DOWN-TRAVEL AIRBUSA320
      352: DOWN-TRAVEL BOEING737
      353: RESET-COUNTER BOEING737
      354: DOWN-TRAVEL BOEING787
      355: DOWN-TRAVEL AIRBUSA330
      356: DOWN-TRAVEL BOEING777
      357: DOWN-TRAVEL AIRBUSA320
      358: DOWN-TRAVEL BOEING737
      359: RESET-COUNTER BOEING737
      360: DOWN-TRAVEL BOEING787
      361: DOWN-TRAVEL AIRBUSA330
      362: DOWN-TRAVEL BOEING777
      363: DOWN-TRAVEL AIRBUSA320
      364: DOWN-TRAVEL BOEING737
      365: RESET-COUNTER BOEING737
      366: DOWN-TRAVEL BOEING787
      367: DOWN-TRAVEL AIRBUSA330
      368: DOWN-TRAVEL BOEING777
      369: DOWN-TRAVEL AIRBUSA320
      370: DOWN-TRAVEL BOEING737
      371: RESET-COUNTER BOEING737
      372: DOWN-TRAVEL BOEING787
      373: DOWN-TRAVEL AIRBUSA330
      374: DOWN-TRAVEL BOEING777
      375: DOWN-TRAVEL AIRBUSA320
      376: DOWN-TRAVEL BOEING737
      377: RESET-COUNTER BOEING737
      378: DOWN-TRAVEL BOEING787
      379: DOWN-TRAVEL AIRBUSA330
      380: DOWN-TRAVEL BOEING777
      381: DOWN-TRAVEL AIRBUSA320
      382: DOWN-TRAVEL BOEING737
      383: RESET-COUNTER BOEING737
      384: DOWN-TRAVEL BOEING787
      385: DOWN-TRAVEL AIRBUSA330
      386: DOWN-TRAVEL BOEING777
      387: DOWN-TRAVEL AIRBUSA320
      388: DOWN-TRAVEL BOEING737
      389: RESET-COUNTER BOEING737
      390: DOWN-TRAVEL BOEING787
      391: DOWN-TRAVEL AIRBUSA330
      392: DOWN-TRAVEL BOEING777
      393: DOWN-TRAVEL AIRBUSA320
      394: DOWN-TRAVEL BOEING737
      395: RESET-COUNTER BOEING737
      396: DOWN-TRAVEL BOEING787
      397: DOWN-TRAVEL AIRBUSA330
      398: DOWN-TRAVEL BOEING777
      399: DOWN-TRAVEL AIRBUSA320
      400: DOWN-TRAVEL BOEING737
      401: RESET-COUNTER BOEING737
      402: DOWN-TRAVEL BOEING787
      403: DOWN-TRAVEL AIRBUSA330
      404: DOWN-TRAVEL BOEING777
      405: DOWN-TRAVEL AIRBUSA320
      406: DOWN-TRAVEL BOEING737
      407: RESET-COUNTER BOEING737
      408: DOWN-TRAVEL BOEING787
      409: DOWN-TRAVEL AIRBUSA330
      410: DOWN-TRAVEL BOEING777
      411: DOWN-TRAVEL AIRBUSA320
      412: DOWN-TRAVEL BOEING737
      413: RESET-COUNTER BOEING737
      414: DOWN-TRAVEL BOEING787
      415: DOWN-TRAVEL AIRBUSA330
      416: DOWN-TRAVEL BOEING777
      417: DOWN-TRAVEL AIRBUSA320
      418: DOWN-TRAVEL BOEING737
      419: RESET-COUNTER BOEING737
      420: DOWN-TRAVEL BOEING787
      421: DOWN-TRAVEL AIRBUSA330
      422: DOWN-TRAVEL BOEING777
      423: DOWN-TRAVEL AIRBUSA320
      424: DOWN-TRAVEL BOEING737
      425: RESET-COUNTER BOEING737
      426: DOWN-TRAVEL BOEING787
      427: DOWN-TRAVEL AIRBUSA330
      428: DOWN-TRAVEL BOEING777
      429: DOWN-TRAVEL AIRBUSA320
      430: DOWN-TRAVEL BOEING737
      431: RESET-COUNTER BOEING737
      432: DOWN-TRAVEL BOEING787
      433: DOWN-TRAVEL AIRBUSA330
      434: DOWN-TRAVEL BOEING777
      435: DOWN-TRAVEL AIRBUSA320
      436: DOWN-TRAVEL BOEING737
      437: RESET-COUNTER BOEING737
      438: DOWN-TRAVEL BOEING787
      439: DOWN-TRAVEL AIRBUSA330
      440: DOWN-TRAVEL BOEING777
      441: DOWN-TRAVEL AIRBUSA320
      442: DOWN-TRAVEL BOEING737
      443: RESET-COUNTER BOEING737
      444: DOWN-TRAVEL BOEING787
      445: DOWN-TRAVEL AIRBUSA330
      446: DOWN-TRAVEL BOEING777
      447: DOWN-TRAVEL AIRBUSA320
      448: DOWN-TRAVEL BOEING737
      449: RESET-COUNTER BOEING737
      450: DOWN-TRAVEL BOEING787
      451: DOWN-TRAVEL AIRBUSA330
      452: DOWN-TRAVEL BOEING777
      453: DOWN-TRAVEL AIRBUSA320
      454: DOWN-TRAVEL BOEING737
      455: RESET-COUNTER BOEING737
      456: DOWN-TRAVEL BOEING787
      457: DOWN-TRAVEL AIRBUSA330
      458: DOWN-TRAVEL BOEING777
      459: DOWN-TRAVEL AIRBUSA320
      460: DOWN-TRAVEL BOEING737
      461: RESET-COUNTER BOEING737
      462: DOWN-TRAVEL BOEING787
      463: DOWN-TRAVEL AIRBUSA330
      464: DOWN-TRAVEL BOEING777
      465: DOWN-TRAVEL AIRBUSA320
      466: DOWN-TRAVEL BOEING737
      467: RESET-COUNTER BOEING737
      468: DOWN-TRAVEL BOEING787
      469: DOWN-TRAVEL AIRBUSA330
      470: DOWN-TRAVEL BOEING777
      471: DOWN-TRAVEL AIRBUSA320
      472: DOWN-TRAVEL BOEING737
      473: RESET-COUNTER BOEING737
      474: DOWN-TRAVEL BOEING787
      475: DOWN-TRAVEL AIRBUSA330
      476: DOWN-TRAVEL BOEING777
      477: DOWN-TRAVEL AIRBUSA320
      478: DOWN-TRAVEL BOEING737
      479: RESET-COUNTER BOEING737
      480: DOWN-TRAVEL BOEING787
      481: DOWN-TRAVEL AIRBUSA330
      482: DOWN-TRAVEL BOEING777
      483: DOWN-TRAVEL AIRBUSA320
      484: DOWN-TRAVEL BOEING737
      485: RESET-COUNTER BOEING737
      486: DOWN-TRAVEL BOEING787
      487: DOWN-TRAVEL AIRBUSA330
      488: DOWN-TRAVEL BOEING777
      489: DOWN-TRAVEL AIRBUSA320
      490: DOWN-TRAVEL BOEING737
      491: RESET-COUNTER BOEING737
      492: DOWN-TRAVEL BOEING787
      493: DOWN-TRAVEL AIRBUSA330
      494: DOWN-TRAVEL BOEING777
      495: DOWN-TRAVEL AIRBUSA320
      496: DOWN-TRAVEL BOEING737
      497: RESET-COUNTER BOEING737
      498: DOWN-TRAVEL BOEING787
      499: DOWN-TRAVEL AIRBUSA330
      500: DOWN-TRAVEL BOEING777
      501: DOWN-TRAVEL AIRBUSA320
      502: DOWN-TRAVEL BOEING737
      503: RESET-COUNTER BOEING737
      504: DOWN-TRAVEL BOEING787
      505: DOWN-TRAVEL AIRBUSA330
      506: DOWN-TRAVEL BOEING777
      507: DOWN-TRAVEL AIRBUSA320
      508: DOWN-TRAVEL BOEING737
      509: RESET-COUNTER BOEING737
      510: DOWN-TRAVEL BOEING787
      511: DOWN-TRAVEL AIRBUSA330
      512: DOWN-TRAVEL BOEING777
      513: LAND AIRBUSA320
      514: DOWN-TRAVEL BOEING737
      515: RESET-COUNTER BOEING737
      516: DOWN-TRAVEL BOEING787
      517: DOWN-TRAVEL AIRBUSA330
      518: DOWN-TRAVEL BOEING777
      519: SKIP AIRBUSA320
      520: DOWN-TRAVEL BOEING737
      521: RESET-COUNTER BOEING737
      522: DOWN-TRAVEL BOEING787
      523: DOWN-TRAVEL AIRBUSA330
      524: DOWN-TRAVEL BOEING777
      525: SKIP AIRBUSA320
      526: DOWN-TRAVEL BOEING737
      527: RESET-COUNTER BOEING737
      528: DOWN-TRAVEL BOEING787
      529: DOWN-TRAVEL AIRBUSA330
      530: DOWN-TRAVEL BOEING777
      531: SKIP AIRBUSA320
      532: DOWN-TRAVEL BOEING737
      533: RESET-COUNTER BOEING737
      534: DOWN-TRAVEL BOEING787
      535: DOWN-TRAVEL AIRBUSA330
      536: DOWN-TRAVEL BOEING777
      537: SKIP AIRBUSA320
      538: DOWN-TRAVEL BOEING737
      539: RESET-COUNTER BOEING737
      540: DOWN-TRAVEL BOEING787
      541: DOWN-TRAVEL AIRBUSA330
      542: DOWN-TRAVEL BOEING777
      543: SKIP AIRBUSA320
      544: DOWN-TRAVEL BOEING737
      545: RESET-COUNTER BOEING737
      546: DOWN-TRAVEL BOEING787
      547: DOWN-TRAVEL AIRBUSA330
      548: DOWN-TRAVEL BOEING777
      549: SKIP AIRBUSA320
      550: DOWN-TRAVEL BOEING737
      551: RESET-COUNTER BOEING737
      552: DOWN-TRAVEL BOEING787
      553: DOWN-TRAVEL AIRBUSA330
      554: DOWN-TRAVEL BOEING777
      555: SKIP AIRBUSA320
      556: DOWN-TRAVEL BOEING737
      557: RESET-COUNTER BOEING737
      558: DOWN-TRAVEL BOEING787
      559: DOWN-TRAVEL AIRBUSA330
      560: DOWN-TRAVEL BOEING777
      561: SKIP AIRBUSA320
      562: DOWN-TRAVEL BOEING737
      563: RESET-COUNTER BOEING737
      564: DOWN-TRAVEL BOEING787
      565: DOWN-TRAVEL AIRBUSA330
      566: DOWN-TRAVEL BOEING777
      567: SKIP AIRBUSA320
      568: DOWN-TRAVEL BOEING737
      569: RESET-COUNTER BOEING737
      570: DOWN-TRAVEL BOEING787
      571: DOWN-TRAVEL AIRBUSA330
      572: DOWN-TRAVEL BOEING777
      573: SKIP AIRBUSA320
      574: LAND BOEING737
      575: RESET-COUNTER BOEING737
      576: DOWN-TRAVEL BOEING787
      577: DOWN-TRAVEL AIRBUSA330
      578: DOWN-TRAVEL BOEING777
      579: SKIP AIRBUSA320
      580: SKIP BOEING737
      581: RESET-COUNTER BOEING737
      582: DOWN-TRAVEL BOEING787
      583: DOWN-TRAVEL AIRBUSA330
      584: DOWN-TRAVEL BOEING777
      585: SKIP AIRBUSA320
      586: SKIP BOEING737
      587: RESET-COUNTER BOEING737
      588: DOWN-TRAVEL BOEING787
      589: DOWN-TRAVEL AIRBUSA330
      590: DOWN-TRAVEL BOEING777
      591: SKIP AIRBUSA320
      592: SKIP BOEING737
      593: RESET-COUNTER BOEING737
      594: DOWN-TRAVEL BOEING787
      595: DOWN-TRAVEL AIRBUSA330
      596: DOWN-TRAVEL BOEING777
      597: SKIP AIRBUSA320
      598: SKIP BOEING737
      599: RESET-COUNTER BOEING737
      600: DOWN-TRAVEL BOEING787
      601: DOWN-TRAVEL AIRBUSA330
      602: DOWN-TRAVEL BOEING777
      603: SKIP AIRBUSA320
      604: SKIP BOEING737
      605: RESET-COUNTER BOEING737
      606: DOWN-TRAVEL BOEING787
      607: DOWN-TRAVEL AIRBUSA330
      608: DOWN-TRAVEL BOEING777
      609: SKIP AIRBUSA320
      610: SKIP BOEING737
      611: RESET-COUNTER BOEING737
      612: DOWN-TRAVEL BOEING787
      613: DOWN-TRAVEL AIRBUSA330
      614: DOWN-TRAVEL BOEING777
      615: SKIP AIRBUSA320
      616: SKIP BOEING737
      617: RESET-COUNTER BOEING737
      618: DOWN-TRAVEL BOEING787
      619: DOWN-TRAVEL AIRBUSA330
      620: DOWN-TRAVEL BOEING777
      621: SKIP AIRBUSA320
      622: SKIP BOEING737
      623: RESET-COUNTER BOEING737
      624: DOWN-TRAVEL BOEING787
      625: DOWN-TRAVEL AIRBUSA330
      626: DOWN-TRAVEL BOEING777
      627: SKIP AIRBUSA320
      628: SKIP BOEING737
      629: RESET-COUNTER BOEING737
      630: DOWN-TRAVEL BOEING787
      631: DOWN-TRAVEL AIRBUSA330
      632: DOWN-TRAVEL BOEING777
      633: SKIP AIRBUSA320
      634: SKIP BOEING737
      635: RESET-COUNTER BOEING737
      636: DOWN-TRAVEL BOEING787
      637: DOWN-TRAVEL AIRBUSA330
      638: DOWN-TRAVEL BOEING777
      639: SKIP AIRBUSA320
      640: SKIP BOEING737
      641: RESET-COUNTER BOEING737
      642: DOWN-TRAVEL BOEING787
      643: DOWN-TRAVEL AIRBUSA330
      644: DOWN-TRAVEL BOEING777
      645: SKIP AIRBUSA320
      646: SKIP BOEING737
      647: RESET-COUNTER BOEING737
      648: DOWN-TRAVEL BOEING787
      649: DOWN-TRAVEL AIRBUSA330
      650: DOWN-TRAVEL BOEING777
      651: SKIP AIRBUSA320
      652: SKIP BOEING737
      653: RESET-COUNTER BOEING737
      654: DOWN-TRAVEL BOEING787
      655: DOWN-TRAVEL AIRBUSA330
      656: DOWN-TRAVEL BOEING777
      657: SKIP AIRBUSA320
      658: SKIP BOEING737
      659: RESET-COUNTER BOEING737
      660: DOWN-TRAVEL BOEING787
      661: DOWN-TRAVEL AIRBUSA330
      662: DOWN-TRAVEL BOEING777
      663: SKIP AIRBUSA320
      664: SKIP BOEING737
      665: RESET-COUNTER BOEING737
      666: DOWN-TRAVEL BOEING787
      667: DOWN-TRAVEL AIRBUSA330
      668: DOWN-TRAVEL BOEING777
      669: SKIP AIRBUSA320
      670: SKIP BOEING737
      671: RESET-COUNTER BOEING737
      672: DOWN-TRAVEL BOEING787
      673: DOWN-TRAVEL AIRBUSA330
      674: DOWN-TRAVEL BOEING777
      675: SKIP AIRBUSA320
      676: SKIP BOEING737
      677: RESET-COUNTER BOEING737
      678: DOWN-TRAVEL BOEING787
      679: DOWN-TRAVEL AIRBUSA330
      680: DOWN-TRAVEL BOEING777
      681: SKIP AIRBUSA320
      682: SKIP BOEING737
      683: RESET-COUNTER BOEING737
      684: DOWN-TRAVEL BOEING787
      685: DOWN-TRAVEL AIRBUSA330
      686: DOWN-TRAVEL BOEING777
      687: SKIP AIRBUSA320
      688: SKIP BOEING737
      689: RESET-COUNTER BOEING737
      690: DOWN-TRAVEL BOEING787
      691: DOWN-TRAVEL AIRBUSA330
      692: DOWN-TRAVEL BOEING777
      693: SKIP AIRBUSA320
      694: SKIP BOEING737
      695: RESET-COUNTER BOEING737
      696: DOWN-TRAVEL BOEING787
      697: DOWN-TRAVEL AIRBUSA330
      698: DOWN-TRAVEL BOEING777
      699: SKIP AIRBUSA320
      700: SKIP BOEING737
      701: RESET-COUNTER BOEING737
      702: DOWN-TRAVEL BOEING787
      703: DOWN-TRAVEL AIRBUSA330
      704: DOWN-TRAVEL BOEING777
      705: SKIP AIRBUSA320
      706: SKIP BOEING737
      707: RESET-COUNTER BOEING737
      708: DOWN-TRAVEL BOEING787
      709: DOWN-TRAVEL AIRBUSA330
      710: DOWN-TRAVEL BOEING777
      711: SKIP AIRBUSA320
      712: SKIP BOEING737
      713: RESET-COUNTER BOEING737
      714: DOWN-TRAVEL BOEING787
      715: DOWN-TRAVEL AIRBUSA330
      716: DOWN-TRAVEL BOEING777
      717: SKIP AIRBUSA320
      718: SKIP BOEING737
      719: RESET-COUNTER BOEING737
      720: DOWN-TRAVEL BOEING787
      721: DOWN-TRAVEL AIRBUSA330
      722: DOWN-TRAVEL BOEING777
      723: SKIP AIRBUSA320
      724: SKIP BOEING737
      725: RESET-COUNTER BOEING737
      726: DOWN-TRAVEL BOEING787
      727: DOWN-TRAVEL AIRBUSA330
      728: DOWN-TRAVEL BOEING777
      729: SKIP AIRBUSA320
      730: SKIP BOEING737
      731: RESET-COUNTER BOEING737
      732: DOWN-TRAVEL BOEING787
      733: DOWN-TRAVEL AIRBUSA330
      734: DOWN-TRAVEL BOEING777
      735: SKIP AIRBUSA320
      736: SKIP BOEING737
      737: RESET-COUNTER BOEING737
      738: DOWN-TRAVEL BOEING787
      739: DOWN-TRAVEL AIRBUSA330
      740: DOWN-TRAVEL BOEING777
      741: SKIP AIRBUSA320
      742: SKIP BOEING737
      743: RESET-COUNTER BOEING737
      744: DOWN-TRAVEL BOEING787
      745: DOWN-TRAVEL AIRBUSA330
      746: DOWN-TRAVEL BOEING777
      747: SKIP AIRBUSA320
      748: SKIP BOEING737
      749: RESET-COUNTER BOEING737
      750: DOWN-TRAVEL BOEING787
      751: LAND AIRBUSA330
      752: DOWN-TRAVEL BOEING777
      753: SKIP AIRBUSA320
      754: SKIP BOEING737
      755: RESET-COUNTER BOEING737
      756: DOWN-TRAVEL BOEING787
      757: SKIP AIRBUSA330
      758: DOWN-TRAVEL BOEING777
      759: SKIP AIRBUSA320
      760: SKIP BOEING737
      761: RESET-COUNTER BOEING737
      762: DOWN-TRAVEL BOEING787
      763: SKIP AIRBUSA330
      764: DOWN-TRAVEL BOEING777
      765: SKIP AIRBUSA320
      766: SKIP BOEING737
      767: RESET-COUNTER BOEING737
      768: DOWN-TRAVEL BOEING787
      769: SKIP AIRBUSA330
      770: DOWN-TRAVEL BOEING777
      771: SKIP AIRBUSA320
      772: SKIP BOEING737
      773: RESET-COUNTER BOEING737
      774: DOWN-TRAVEL BOEING787
      775: SKIP AIRBUSA330
      776: DOWN-TRAVEL BOEING777
      777: SKIP AIRBUSA320
      778: SKIP BOEING737
      779: RESET-COUNTER BOEING737
      780: DOWN-TRAVEL BOEING787
      781: SKIP AIRBUSA330
      782: DOWN-TRAVEL BOEING777
      783: SKIP AIRBUSA320
      784: SKIP BOEING737
      785: RESET-COUNTER BOEING737
      786: DOWN-TRAVEL BOEING787
      787: SKIP AIRBUSA330
      788: DOWN-TRAVEL BOEING777
      789: SKIP AIRBUSA320
      790: SKIP BOEING737
      791: RESET-COUNTER BOEING737
      792: DOWN-TRAVEL BOEING787
      793: SKIP AIRBUSA330
      794: DOWN-TRAVEL BOEING777
      795: SKIP AIRBUSA320
      796: SKIP BOEING737
      797: RESET-COUNTER BOEING737
      798: DOWN-TRAVEL BOEING787
      799: SKIP AIRBUSA330
      800: DOWN-TRAVEL BOEING777
      801: SKIP AIRBUSA320
      802: SKIP BOEING737
      803: RESET-COUNTER BOEING737
      804: DOWN-TRAVEL BOEING787
      805: SKIP AIRBUSA330
      806: DOWN-TRAVEL BOEING777
      807: SKIP AIRBUSA320
      808: SKIP BOEING737
      809: RESET-COUNTER BOEING737
      810: DOWN-TRAVEL BOEING787
      811: SKIP AIRBUSA330
      812: DOWN-TRAVEL BOEING777
      813: SKIP AIRBUSA320
      814: SKIP BOEING737
      815: RESET-COUNTER BOEING737
      816: DOWN-TRAVEL BOEING787
      817: SKIP AIRBUSA330
      818: DOWN-TRAVEL BOEING777
      819: SKIP AIRBUSA320
      820: SKIP BOEING737
      821: RESET-COUNTER BOEING737
      822: DOWN-TRAVEL BOEING787
      823: SKIP AIRBUSA330
      824: DOWN-TRAVEL BOEING777
      825: SKIP AIRBUSA320
      826: SKIP BOEING737
      827: RESET-COUNTER BOEING737
      828: DOWN-TRAVEL BOEING787
      829: SKIP AIRBUSA330
      830: DOWN-TRAVEL BOEING777
      831: SKIP AIRBUSA320
      832: SKIP BOEING737
      833: RESET-COUNTER BOEING737
      834: DOWN-TRAVEL BOEING787
      835: SKIP AIRBUSA330
      836: DOWN-TRAVEL BOEING777
      837: SKIP AIRBUSA320
      838: SKIP BOEING737
      839: RESET-COUNTER BOEING737
      840: DOWN-TRAVEL BOEING787
      841: SKIP AIRBUSA330
      842: DOWN-TRAVEL BOEING777
      843: SKIP AIRBUSA320
      844: SKIP BOEING737
      845: RESET-COUNTER BOEING737
      846: DOWN-TRAVEL BOEING787
      847: SKIP AIRBUSA330
      848: DOWN-TRAVEL BOEING777
      849: SKIP AIRBUSA320
      850: SKIP BOEING737
      851: RESET-COUNTER BOEING737
      852: DOWN-TRAVEL BOEING787
      853: SKIP AIRBUSA330
      854: DOWN-TRAVEL BOEING777
      855: SKIP AIRBUSA320
      856: SKIP BOEING737
      857: RESET-COUNTER BOEING737
      858: DOWN-TRAVEL BOEING787
      859: SKIP AIRBUSA330
      860: DOWN-TRAVEL BOEING777
      861: SKIP AIRBUSA320
      862: SKIP BOEING737
      863: RESET-COUNTER BOEING737
      864: DOWN-TRAVEL BOEING787
      865: SKIP AIRBUSA330
      866: DOWN-TRAVEL BOEING777
      867: SKIP AIRBUSA320
      868: SKIP BOEING737
      869: RESET-COUNTER BOEING737
      870: DOWN-TRAVEL BOEING787
      871: SKIP AIRBUSA330
      872: DOWN-TRAVEL BOEING777
      873: SKIP AIRBUSA320
      874: SKIP BOEING737
      875: RESET-COUNTER BOEING737
      876: DOWN-TRAVEL BOEING787
      877: SKIP AIRBUSA330
      878: DOWN-TRAVEL BOEING777
      879: SKIP AIRBUSA320
      880: SKIP BOEING737
      881: RESET-COUNTER BOEING737
      882: DOWN-TRAVEL BOEING787
      883: SKIP AIRBUSA330
      884: DOWN-TRAVEL BOEING777
      885: SKIP AIRBUSA320
      886: SKIP BOEING737
      887: RESET-COUNTER BOEING737
      888: DOWN-TRAVEL BOEING787
      889: SKIP AIRBUSA330
      890: DOWN-TRAVEL BOEING777
      891: SKIP AIRBUSA320
      892: SKIP BOEING737
      893: RESET-COUNTER BOEING737
      894: DOWN-TRAVEL BOEING787
      895: SKIP AIRBUSA330
      896: DOWN-TRAVEL BOEING777
      897: SKIP AIRBUSA320
      898: SKIP BOEING737
      899: RESET-COUNTER BOEING737
      900: DOWN-TRAVEL BOEING787
      901: SKIP AIRBUSA330
      902: DOWN-TRAVEL BOEING777
      903: SKIP AIRBUSA320
      904: SKIP BOEING737
      905: RESET-COUNTER BOEING737
      906: DOWN-TRAVEL BOEING787
      907: SKIP AIRBUSA330
      908: DOWN-TRAVEL BOEING777
      909: SKIP AIRBUSA320
      910: SKIP BOEING737
      911: RESET-COUNTER BOEING737
      912: DOWN-TRAVEL BOEING787
      913: SKIP AIRBUSA330
      914: DOWN-TRAVEL BOEING777
      915: SKIP AIRBUSA320
      916: SKIP BOEING737
      917: RESET-COUNTER BOEING737
      918: DOWN-TRAVEL BOEING787
      919: SKIP AIRBUSA330
      920: DOWN-TRAVEL BOEING777
      921: SKIP AIRBUSA320
      922: SKIP BOEING737
      923: RESET-COUNTER BOEING737
      924: DOWN-TRAVEL BOEING787
      925: SKIP AIRBUSA330
      926: DOWN-TRAVEL BOEING777
      927: SKIP AIRBUSA320
      928: SKIP BOEING737
      929: RESET-COUNTER BOEING737
      930: DOWN-TRAVEL BOEING787
      931: SKIP AIRBUSA330
      932: DOWN-TRAVEL BOEING777
      933: SKIP AIRBUSA320
      934: SKIP BOEING737
      935: RESET-COUNTER BOEING737
      936: DOWN-TRAVEL BOEING787
      937: SKIP AIRBUSA330
      938: DOWN-TRAVEL BOEING777
      939: SKIP AIRBUSA320
      940: SKIP BOEING737
      941: RESET-COUNTER BOEING737
      942: DOWN-TRAVEL BOEING787
      943: SKIP AIRBUSA330
      944: DOWN-TRAVEL BOEING777
      945: SKIP AIRBUSA320
      946: SKIP BOEING737
      947: RESET-COUNTER BOEING737
      948: DOWN-TRAVEL BOEING787
      949: SKIP AIRBUSA330
      950: DOWN-TRAVEL BOEING777
      951: SKIP AIRBUSA320
      952: SKIP BOEING737
      953: RESET-COUNTER BOEING737
      954: DOWN-TRAVEL BOEING787
      955: SKIP AIRBUSA330
      956: DOWN-TRAVEL BOEING777
      957: SKIP AIRBUSA320
      958: SKIP BOEING737
      959: RESET-COUNTER BOEING737
      960: DOWN-TRAVEL BOEING787
      961: SKIP AIRBUSA330
      962: DOWN-TRAVEL BOEING777
      963: SKIP AIRBUSA320
      964: SKIP BOEING737
      965: RESET-COUNTER BOEING737
      966: DOWN-TRAVEL BOEING787
      967: SKIP AIRBUSA330
      968: DOWN-TRAVEL BOEING777
      969: SKIP AIRBUSA320
      970: SKIP BOEING737
      971: RESET-COUNTER BOEING737
      972: DOWN-TRAVEL BOEING787
      973: SKIP AIRBUSA330
      974: DOWN-TRAVEL BOEING777
      975: SKIP AIRBUSA320
      976: SKIP BOEING737
      977: RESET-COUNTER BOEING737
      978: DOWN-TRAVEL BOEING787
      979: SKIP AIRBUSA330
      980: DOWN-TRAVEL BOEING777
      981: SKIP AIRBUSA320
      982: SKIP BOEING737
      983: RESET-COUNTER BOEING737
      984: DOWN-TRAVEL BOEING787
      985: SKIP AIRBUSA330
      986: DOWN-TRAVEL BOEING777
      987: SKIP AIRBUSA320
      988: SKIP BOEING737
      989: RESET-COUNTER BOEING737
      990: DOWN-TRAVEL BOEING787
      991: SKIP AIRBUSA330
      992: LAND BOEING777
      993: SKIP AIRBUSA320
      994: SKIP BOEING737
      995: RESET-COUNTER BOEING737
      996: DOWN-TRAVEL BOEING787
      997: SKIP AIRBUSA330
      998: SKIP BOEING777
      999: SKIP AIRBUSA320
     1000: SKIP BOEING737
     1001: RESET-COUNTER BOEING737
     1002: DOWN-TRAVEL BOEING787
     1003: SKIP AIRBUSA330
     1004: SKIP BOEING777
     1005: SKIP AIRBUSA320
     1006: SKIP BOEING737
     1007: RESET-COUNTER BOEING737
     1008: DOWN-TRAVEL BOEING787
     1009: SKIP AIRBUSA330
     1010: SKIP BOEING777
     1011: SKIP AIRBUSA320
     1012: SKIP BOEING737
     1013: RESET-COUNTER BOEING737
     1014: DOWN-TRAVEL BOEING787
     1015: SKIP AIRBUSA330
     1016: SKIP BOEING777
     1017: SKIP AIRBUSA320
     1018: SKIP BOEING737
     1019: RESET-COUNTER BOEING737
     1020: DOWN-TRAVEL BOEING787
     1021: SKIP AIRBUSA330
     1022: SKIP BOEING777
     1023: SKIP AIRBUSA320
     1024: SKIP BOEING737
     1025: RESET-COUNTER BOEING737
     1026: DOWN-TRAVEL BOEING787
     1027: SKIP AIRBUSA330
     1028: SKIP BOEING777
     1029: SKIP AIRBUSA320
     1030: SKIP BOEING737
     1031: RESET-COUNTER BOEING737
     1032: DOWN-TRAVEL BOEING787
     1033: SKIP AIRBUSA330
     1034: SKIP BOEING777
     1035: SKIP AIRBUSA320
     1036: SKIP BOEING737
     1037: RESET-COUNTER BOEING737
     1038: DOWN-TRAVEL BOEING787
     1039: SKIP AIRBUSA330
     1040: SKIP BOEING777
     1041: SKIP AIRBUSA320
     1042: SKIP BOEING737
     1043: RESET-COUNTER BOEING737
     1044: DOWN-TRAVEL BOEING787
     1045: SKIP AIRBUSA330
     1046: SKIP BOEING777
     1047: SKIP AIRBUSA320
     1048: SKIP BOEING737
     1049: RESET-COUNTER BOEING737
     1050: DOWN-TRAVEL BOEING787
     1051: SKIP AIRBUSA330
     1052: SKIP BOEING777
     1053: SKIP AIRBUSA320
     1054: SKIP BOEING737
     1055: RESET-COUNTER BOEING737
     1056: DOWN-TRAVEL BOEING787
     1057: SKIP AIRBUSA330
     1058: SKIP BOEING777
     1059: SKIP AIRBUSA320
     1060: SKIP BOEING737
     1061: RESET-COUNTER BOEING737
     1062: DOWN-TRAVEL BOEING787
     1063: SKIP AIRBUSA330
     1064: SKIP BOEING777
     1065: SKIP AIRBUSA320
     1066: SKIP BOEING737
     1067: RESET-COUNTER BOEING737
     1068: DOWN-TRAVEL BOEING787
     1069: SKIP AIRBUSA330
     1070: SKIP BOEING777
     1071: SKIP AIRBUSA320
     1072: SKIP BOEING737
     1073: RESET-COUNTER BOEING737
     1074: DOWN-TRAVEL BOEING787
     1075: SKIP AIRBUSA330
     1076: SKIP BOEING777
     1077: SKIP AIRBUSA320
     1078: SKIP BOEING737
     1079: RESET-COUNTER BOEING737
     1080: DOWN-TRAVEL BOEING787
     1081: SKIP AIRBUSA330
     1082: SKIP BOEING777
     1083: SKIP AIRBUSA320
     1084: SKIP BOEING737
     1085: RESET-COUNTER BOEING737
     1086: DOWN-TRAVEL BOEING787
     1087: SKIP AIRBUSA330
     1088: SKIP BOEING777
     1089: SKIP AIRBUSA320
     1090: SKIP BOEING737
     1091: RESET-COUNTER BOEING737
     1092: DOWN-TRAVEL BOEING787
     1093: SKIP AIRBUSA330
     1094: SKIP BOEING777
     1095: SKIP AIRBUSA320
     1096: SKIP BOEING737
     1097: RESET-COUNTER BOEING737
     1098: DOWN-TRAVEL BOEING787
     1099: SKIP AIRBUSA330
     1100: SKIP BOEING777
     1101: SKIP AIRBUSA320
     1102: SKIP BOEING737
     1103: RESET-COUNTER BOEING737
     1104: DOWN-TRAVEL BOEING787
     1105: SKIP AIRBUSA330
     1106: SKIP BOEING777
     1107: SKIP AIRBUSA320
     1108: SKIP BOEING737
     1109: RESET-COUNTER BOEING737
     1110: LAND BOEING787
plan cost: 185.000000

time spent:    0.00 seconds instantiating 20 easy, 0 hard action templates
               0.00 seconds reachability analysis, yielding 10 facts and 20 actions
               0.00 seconds creating final representation with 10 relevant facts, 18 relevant fluents
               0.00 seconds computing LNF
               0.00 seconds building connectivity graph
               0.18 seconds searching, evaluating 1113 states, to a max depth of 6
               0.18 seconds total time

